25  50
3 3 3 3 3 3 3 3 3 3 3 3 3 3 3 3 3 3 3 3 3 3 3 3 3 3 3 3 3 3 3 3 3 3 3 3 3 3 3 3 3 3 3 3 3 3 3 3 3 3
3 3 3 3 3 3 0 3 3 3 3 0 0 0 0 0 0 0 0 0 3 0 0 0 0 0 0 3 3 3 3 0 0 0 0 0 0 0 0 0 0 0 0 0 0 0 0 0 P 3
3 3 3 3 3 3 0 3 3 3 3 0 3 3 3 3 3 3 3 0 3 3 3 3 3 3 0 3 3 3 3 0 3 3 3 3 3 3 3 3 3 3 3 3 3 3 3 3 0 3
3 3 3 3 3 3 0 3 3 3 3 0 3 3 3 3 3 3 3 0 3 3 3 3 3 3 0 3 3 3 3 0 3 3 3 3 3 3 3 3 3 3 3 3 3 3 3 3 0 3
3 0 0 0 0 0 0 3 3 3 3 0 0 0 0 0 3 3 3 0 0 0 0 0 0 0 0 3 3 3 3 0 0 0 0 0 0 3 3 0 3 3 3 0 0 0 0 0 0 3
3 3 3 3 3 3 0 3 3 3 3 3 3 3 3 0 3 3 3 3 3 3 3 3 3 3 0 3 3 3 3 3 3 3 3 3 0 3 3 0 3 3 3 0 3 3 3 3 0 3
3 3 3 3 3 3 0 3 3 3 3 3 3 3 3 0 3 3 3 3 3 3 3 3 3 3 0 3 3 3 3 3 3 3 3 3 0 3 3 0 3 3 3 0 3 3 3 3 0 3
3 0 0 3 3 3 0 3 3 3 3 3 3 3 3 0 3 3 3 3 3 0 3 3 3 3 0 3 3 3 3 3 3 3 3 3 0 3 3 0 3 3 3 0 0 0 0 0 0 3
3 3 0 0 0 0 0 0 0 0 3 3 3 3 3 0 3 3 3 3 3 0 3 3 3 3 0 0 0 0 0 0 0 0 0 0 0 3 3 0 3 3 3 3 3 3 0 3 3 3
3 3 3 3 3 3 3 3 3 0 3 3 3 3 3 0 0 0 0 0 0 0 3 3 3 3 3 3 3 3 3 3 3 3 3 3 3 3 3 0 3 3 3 3 3 3 0 3 3 3
3 3 3 3 3 3 3 3 3 0 3 3 3 3 3 3 3 3 3 0 3 3 3 3 3 3 3 3 3 3 3 3 3 3 3 3 3 3 3 0 3 3 3 3 3 3 0 3 3 3
3 3 3 3 0 0 0 0 0 0 3 3 3 3 3 3 3 3 3 0 3 3 3 3 3 3 3 3 0 0 0 0 0 0 0 0 0 0 0 0 3 3 3 3 3 3 0 3 3 3
3 3 3 3 0 3 3 3 3 0 3 3 3 3 3 3 3 3 3 0 0 0 0 0 0 0 0 0 0 3 3 3 3 3 3 3 3 0 3 3 3 3 3 3 3 3 0 0 0 3
3 3 3 3 0 3 3 3 3 0 0 0 0 0 0 0 0 0 0 0 3 3 3 3 3 3 3 3 3 3 3 3 3 3 3 3 3 0 0 0 0 0 0 3 3 3 3 3 0 3
3 3 3 3 0 3 3 3 3 3 3 3 0 3 3 3 3 3 3 3 3 3 3 3 3 3 3 3 3 3 0 3 3 3 3 3 3 3 3 3 3 3 0 3 3 3 3 3 0 3
3 3 3 3 0 3 3 3 3 3 3 3 0 3 3 3 3 3 3 3 3 3 3 3 3 0 3 3 3 3 0 3 3 3 0 0 0 0 0 3 3 3 0 3 3 3 3 3 0 3
3 3 0 0 0 1 3 3 3 3 3 3 0 3 3 3 3 3 3 3 3 3 3 3 3 0 0 0 3 3 0 3 3 3 0 3 3 3 0 3 3 3 0 3 3 3 3 3 0 3
3 3 0 3 3 3 3 3 3 3 3 3 0 3 3 3 3 3 3 3 3 3 3 3 3 3 3 0 3 3 0 3 3 3 0 3 3 3 0 3 3 3 0 0 0 0 0 0 3 3
3 3 0 3 3 3 3 3 3 3 3 3 0 3 3 3 3 3 3 3 3 3 3 3 3 3 3 0 3 3 0 0 0 0 0 3 3 3 0 0 0 0 0 3 3 3 0 3 3 3
3 3 0 3 3 3 3 3 0 0 0 0 0 3 3 3 3 3 0 0 0 0 0 0 3 3 3 0 0 3 3 3 3 3 0 3 3 3 3 3 3 3 3 3 3 3 0 3 3 3
3 3 0 3 3 3 3 3 0 3 3 3 3 3 3 3 3 3 0 3 3 3 3 0 3 3 3 3 0 3 3 3 3 3 0 3 3 3 3 3 3 3 3 3 3 3 0 3 3 3
3 3 3 3 3 3 3 3 3 3 3 3 3 3 0 0 0 0 0 3 3 3 3 0 3 3 3 3 0 0 0 0 0 0 0 0 0 0 0 3 3 3 3 3 3 3 0 3 3 3
3 3 3 3 3 3 3 3 3 3 3 3 3 3 0 3 3 3 0 0 0 3 3 0 0 0 0 0 0 3 3 3 3 3 3 3 3 3 3 3 3 3 0 0 0 0 0 3 3 3
3 3 0 0 0 0 0 0 R 0 0 0 0 0 0 3 3 3 3 3 3 3 3 3 3 3 3 3 3 3 3 3 3 3 3 3 3 3 3 3 3 3 0 3 3 3 3 3 3 3
3 3 3 3 3 3 3 3 3 3 3 3 3 3 3 3 3 3 3 3 3 3 3 3 3 3 3 3 3 3 3 3 3 3 3 3 3 3 3 3 3 3 3 3 3 3 3 3 3 3