31 22
3033333333333333333333333333333
3000000000000000003003000003003
3003333003333333003003003333003
3000003003000000003000000000003
3003333333333333003333333003333
3000000003000003003000000000003
3003333333333003003333333333003
3000003000000003000003000000003
3333333333333003333003003333003
3003000000000000003003000003003
3003333003333003003003333003003
3003000003003003000003000003003
3003003333003333333333003003003
3003003000000000000003003003003
3003003333333003333003003333333
3000000000003003000003003000003
3333333003333333003003003003003
3000000000000000003000000003003
3333003333003003333003333003333
30000030000030030000000030000R3
3333333333333333333333333333333
